50 190
0 1
1 2
2 3
3 4
4 5
5 6
6 7
7 8
8 9
9 10
10 11
11 12
12 13
13 14
14 15
15 16
16 17
17 18
18 19
19 20
20 21
21 22
22 23
23 24
24 25
25 26
26 27
27 28
28 29
29 30
30 31
31 32
32 33
33 34
34 35
35 36
36 37
37 38
38 39
39 40
40 41
41 42
42 43
43 44
44 45
45 46
46 47
47 48
48 49
0 2
0 3
0 4
0 5
1 3
1 4
1 6
2 5
2 6
2 7
3 6
3 7
3 8
4 7
4 8
4 9
5 8
5 9
5 10
6 9
6 10
6 11
7 10
7 11
7 12
8 11
8 12
8 13
9 12
9 13
9 14
10 13
10 14
10 15
11 14
11 15
11 16
12 15
12 16
12 17
13 16
13 17
13 18
14 17
14 18
14 19
15 18
15 19
15 20
16 19
16 20
16 21
17 20
17 21
17 22
18 21
18 22
18 23
19 22
19 23
19 24
20 23
20 24
20 25
21 24
21 25
21 26
22 25
22 26
22 27
23 26
23 27
23 28
24 27
24 28
24 29
25 28
25 29
25 30
26 29
26 30
26 31
27 30
27 31
27 32
28 31
28 32
28 33
29 32
29 33
29 34
30 33
30 34
30 35
31 34
31 35
31 36
32 35
32 36
32 37
33 36
33 37
33 38
34 37
34 38
34 39
35 38
35 39
35 40
36 39
36 40
36 41
37 40
37 41
37 42
38 41
38 42
38 43
39 42
39 43
39 44
40 43
40 44
40 45
41 44
41 45
41 46
42 45
42 46
42 47
43 46
43 47
43 48
44 47
44 48
44 49
45 48
45 49
46 48
46 49
47 49