50 190
0 1
0 2
0 3
0 4
0 5
0 6
0 7
0 8
0 9
0 10
1 2
1 3
1 4
1 5
1 6
1 7
1 8
1 9
1 10
2 3
2 4
2 5
2 6
2 7
2 8
2 9
2 10
3 4
3 5
3 6
3 7
3 8
3 9
3 10
4 5
4 6
4 7
4 8
4 9
4 10
5 6
5 7
5 8
5 9
5 10
6 7
6 8
6 9
6 10
7 8
7 9
7 10
8 9
8 10
9 10
11 12
11 13
11 14
11 15
11 16
11 17
11 18
11 19
11 20
11 21
12 13
12 14
12 15
12 16
12 17
12 18
12 19
12 20
12 21
13 14
13 15
13 16
13 17
13 18
13 19
13 20
13 21
14 15
14 16
14 17
14 18
14 19
14 20
14 21
15 16
15 17
15 18
15 19
15 20
15 21
16 17
16 18
16 19
16 20
16 21
17 18
17 19
17 20
17 21
18 19
18 20
18 21
19 20
19 21
20 21
25 26
25 27
25 28
25 29
25 30
25 31
25 32
25 33
25 34
25 35
26 27
26 28
26 29
26 30
26 31
26 32
26 33
26 34
26 35
27 28
27 29
27 30
27 31
27 32
27 33
27 34
27 35
28 29
28 30
28 31
28 32
28 33
28 34
28 35
29 30
29 31
29 32
29 33
29 34
29 35
30 31
30 32
30 33
30 34
30 35
31 32
31 33
31 34
31 35
32 33
32 34
32 35
33 34
33 35
34 35
36 37
36 38
36 39
36 40
36 41
36 42
36 43
36 44
36 45
36 46
37 38
37 39
37 40
37 41
37 42
37 43
37 44
37 45
37 46
38 39
38 40
38 41
38 42
38 43
38 44